%YAML:1.0
---
K: !!opencv-matrix
   rows: 3
   cols: 3
   dt: d
   data: [ 909.3686592967382, 0., 641.95978649672861, 0.,
       909.55900692965054, 376.62477000142985, 0., 0., 1. ]
dist: !!opencv-matrix
   rows: 1
   cols: 5
   dt: d
   data: [ -0.0097815383666288915, 1.345142092958785,
       -0.00093669927434806644, -0.0012792444422356792,
       -5.6388471882972819 ]
