%YAML:1.0
---
t_T_cam: !!opencv-matrix
   rows: 4
   cols: 4
   dt: d
   data: [ -0.99969753335324074, 0.003490693348777542,
       0.024344544920597753, -201.1199814169567, -0.0037068627414319306,
       -0.99995405471421628, -0.0088401147738192878, -129.34086709840005,
       0.024312568273680703, -0.0089276828204699638, 0.99966454148548989,
       -802.66084218365552, 0., 0., 0., 1. ]
R_cam_to_t: !!opencv-matrix
   rows: 3
   cols: 3
   dt: d
   data: [ -0.99969753335324074, 0.003490693348777542,
       0.024344544920597753, -0.0037068627414319306,
       -0.99995405471421628, -0.0088401147738192878,
       0.024312568273680703, -0.0089276828204699638, 0.99966454148548989 ]
t_cam_in_t: !!opencv-matrix
   rows: 3
   cols: 1
   dt: d
   data: [ -201.1199814169567, -129.34086709840005, -802.66084218365552 ]
checkerboard_cols_rows: !!opencv-matrix
   rows: 2
   cols: 1
   dt: i
   data: [ 11, 8 ]
square_size_mm: 15.
n_views: 4
K: !!opencv-matrix
   rows: 3
   cols: 3
   dt: d
   data: [ 911.93353271484375, 0., 642.72515869140625, 0.,
       910.7296142578125, 376.4287109375, 0., 0., 1. ]
dist: !!opencv-matrix
   rows: 5
   cols: 1
   dt: d
   data: [ 0., 0., 0., 0., 0. ]
